"Date","Open","High","Low","Close","Volume","Range","Volatility","LogReturn"
2025-10-19,107204.3141204,109488.992543117,106157.790608759,108666.711526327,47657008952.53,3331.201934358,3.10733944029227,NA
2025-10-18,106483.735232408,107490.98118093,106387.4499349,107198.266851383,37779905278.47,1103.53124603,1.03633784410499,-0.0136054244425949
2025-10-17,108179.134711786,109235.807656481,103598.428851328,106467.785227691,99703051669.23,5637.378805153,5.21115168851393,-0.00683762780852071
2025-10-16,110782.171929721,111990.813046405,107537.02932374,108186.038475329,87306423067.48,4453.783722665,4.0203072796681,0.0160098703964202
2025-10-15,113113.972094068,113622.38200389,110235.835494287,110783.166854863,72574132855.11,3386.54650960299,2.99392413413497,0.0237225154162601
2025-10-14,115264.879015253,115502.879429839,110029.486586361,113118.667159805,92212917403.23,5473.392843478,4.74853475771549,0.020862580466261
2025-10-13,115161.675825364,116020.486482677,113821.190194966,115271.075136794,71582026738.87,2199.29628771101,1.90974668608168,0.0188491101412751
2025-10-12,110811.514097313,115805.065217535,109715.541307988,115169.763924698,93710414090.64,6089.523909547,5.49538913817139,-0.000879281806435372
2025-10-11,113236.429763288,113429.724540703,109760.564774345,110807.879319862,110236934340.44,3669.159766358,3.24026443965789,-0.0386093631002211
2025-10-10,121704.740227619,122509.661653849,104582.41134788,113214.365993129,153125018868.11,17927.250305969,14.7301167336954,0.0214851810035288
2025-10-09,123337.067759544,123739.346630483,119812.03464014,121705.582266713,74653009424.96,3927.31199034301,3.18421060406563,0.0723218022354271
2025-10-08,121448.353627177,124167.091661313,121119.180056368,123354.870335391,65354305285.91,3047.91160494499,2.50963600074934,0.0134604580472395
2025-10-07,124752.139723655,125184.025828515,120681.971844767,121451.379070327,76149412513.03,4502.053983748,3.60879901035825,-0.015551315636479
2025-10-06,123510.449968388,126198.069603434,123196.04890244,124752.528352097,72568881188.34,3002.02070099401,2.43058032884048,0.0268179913480928
2025-10-05,122419.670688184,125559.208747055,122191.958140891,123513.473713967,73689317763.05,3367.250606164,2.75057969624894,-0.00998175276202851
2025-10-04,122267.469771094,122857.640202005,121577.571402795,122425.428729543,36769171734.75,1280.06879921,1.04694143226036,-0.00884814945637835
2025-10-03,120656.982022629,123944.704958862,119344.311005181,122266.532728192,83941392228.12,4600.39395368099,3.81278718940459,-0.00129874330761659
2025-10-02,118652.385895606,121086.407241001,118383.158156396,120681.259723342,71415163911.62,2703.24908460499,2.27829306945702,-0.0130505034725505
2025-10-01,114057.592183304,118648.928587872,113981.395968774,118648.928587872,71328680131.6,4667.532619098,4.09225947151043,-0.0169838999602998
2025-09-30,114396.520240599,114836.615424515,112740.564747306,114056.083647499,58986330258.25,2096.050677209,1.83226786339356,-0.0394786635777322
2025-09-29,112117.878793928,114473.569892414,111589.950680495,114400.386428216,60000147465.61,2883.61921191899,2.57195305774476,0.0030141675678923
2025-09-28,109681.947299524,112375.482143125,109236.947744489,112122.639150615,33371048505.29,3138.53439863599,2.86148675867794,-0.0201111921646326
2025-09-27,109707.141018311,109778.49891718,109144.293006297,109681.942483199,26308042910.14,634.205910883,0.578089908274199,-0.02200851908764
2025-09-26,109041.294501078,110359.194068956,108728.977966834,109712.831518274,57738288948.87,1630.21610212199,1.4950447072195,0.000281584057045592
2025-09-25,113330.165719435,113541.087024822,108713.396178112,109049.287957002,75528654283.63,4827.69084671,4.25984627840538,-0.00606636649684589
2025-09-24,112007.666515904,113986.271229658,111229.6388188,113328.630408857,48044595084.74,2756.632410858,2.46111047270732,0.0384918685717199
2025-09-23,112757.475554642,113351.911979903,111535.5672804,112014.499676516,47211853278.67,1816.344699503,1.61084193360005,-0.0116635073755056
2025-09-22,115309.222122245,115431.309085072,112037.644690042,112748.505623246,70684158591.15,3393.66439503001,2.94309885416816,0.00653140008597752
2025-09-21,115730.225838648,115901.089553842,115252.580084124,115306.097161289,22495852193.17,648.509469718003,0.560363090124926,0.0224305823215296
2025-09-20,115691.12848129,116191.148074924,115473.524278856,115721.958207581,22864449614.47,717.623796068001,0.620292848283572,0.00360009519001103
2025-09-19,117137.673346889,117479.754279651,115141.817291753,115688.862818011,38828473971.12,2337.93698789799,1.99588818959591,-0.000286031479850735
2025-09-18,116461.262706092,117911.788336422,116188.795157783,117137.202460084,49457272032.38,1722.99317863901,1.47945603422423,0.0124415479248388
2025-09-17,116840.506939295,117328.60573672,114794.973201791,116468.50738952,60528025996.3,2533.632534929,2.1684539046423,-0.00572500473044713
2025-09-16,115423.754641659,117005.275852178,114813.0925685,116843.184250689,45781744592.98,2192.18328367801,1.89924794119182,0.00321181661000125
2025-09-15,115399.631143811,116747.87923585,114461.063165098,115444.872708337,52937859416.04,2286.816070752,1.98164937624642,-0.0120396067822313
2025-09-14,115950.292319112,116181.499223137,115222.396321332,115407.654447429,32798036056.78,959.102901805003,0.82716729955748,-0.000322441878276791
2025-09-13,116093.559523427,116334.633551646,115248.275853059,115950.505049225,34549454946.66,1086.35769858699,0.935760521984656,0.00469273786745461
2025-09-12,115507.792956142,116769.382525367,114794.484350729,116101.580896476,54785725894.45,1974.89817463799,1.70975318988897,0.00130208584835856
2025-09-11,113961.428093838,115522.543869603,113453.839308509,115507.537526854,45685065332.3,2068.704561094,1.81526731956236,-0.00512971748525004
2025-09-10,111531.247880463,114275.252780991,110940.076862647,113955.358954605,56377473784.11,3335.175918344,2.99035111838664,-0.0135290042189222
2025-09-09,112077.577273714,113225.440040973,110776.700308314,111530.549981578,45984480722.09,2448.739732659,2.18486140780749,-0.0215082393486465
2025-09-08,111163.017797504,112869.235698046,110630.605598468,112071.431088539,40212813406.78,2238.630099578,2.01382631016362,0.00483790133994866
2025-09-07,110221.325878985,111591.075605369,110211.621547594,111167.619518303,24618007519.76,1379.454057775,1.25153099617903,-0.00809729754777777
2025-09-06,110650.571722244,111275.015083586,110024.084139486,110224.697736409,21500719035.81,1250.93094409999,1.13052370595978,-0.00851815903132724
2025-09-05,110723.014543439,113357.489190915,110233.395200108,110650.988279402,60241647677.23,3124.093990807,2.82153986114725,0.00386000903930572
2025-09-04,111718.149135452,112208.328342995,109347.225226781,110723.600080515,60131132900.9,2861.103116214,2.56100117872976,0.000656008480962811
2025-09-03,111190.698688339,112600.224597349,110582.958103899,111723.21332533,61119643564.64,2017.26649345001,1.8142403251771,0.0089874964550436
2025-09-02,109243.067327459,111748.012667779,108454.028642144,111200.587212216,74776999490.97,3293.984025635,3.01527969345752,-0.00468884048592244
2025-09-01,108228.747072293,109890.584856276,107271.183408171,109250.594796976,66870372995.2,2619.401448105,2.42024556225836,-0.017691384161143
2025-08-31,108818.461084138,109490.999506726,108104.655810691,108236.709895999,47986191770.07,1386.34369603501,1.27399678530934,-0.00932369130466526
2025-08-30,108409.404956839,108929.348669176,107444.443172336,108808.071712896,51486264207.9,1484.90549684,1.36972018011831,0.00526493318552923
2025-08-29,112550.520078089,112619.053033458,107559.624303429,108410.838142241,77843379643.52,5059.428730029,4.49525131160541,-0.00365745333806089
2025-08-28,111219.05118645,113450.076489883,110900.924446383,112544.801985501,58860155962.4,2549.1520435,2.29201024132686,0.0374233153695496
2025-08-27,111795.708267486,112619.415507765,110398.262472393,111222.060717095,62137056408.51,2221.153035372,1.98679633573911,-0.0118226323552477
2025-08-26,110124.105428337,112397.012968112,108762.03558346,111802.655570345,69396320316.88,3634.977384652,3.30080082876809,0.00520656342034798
2025-08-25,113456.894680325,113637.841856159,109324.280196469,110124.350927514,85706860189.64,4313.56165968999,3.80193876435966,-0.0151251230265501
2025-08-24,115387.391322972,115615.0840495,111060.544875384,113458.432235568,73961489632.02,4554.539174116,3.94717232263943,0.0298263437530757
2025-08-23,116866.367837375,116996.253199084,114536.108256073,115374.331193013,55377142585.98,2460.14494301101,2.10509232770408,0.0167453619651567
2025-08-22,112433.730783233,117377.398667667,111678.948606983,116874.087471678,82528088239.59,5698.450060684,5.0682744590859,0.0129152838534861
2025-08-21,114275.684147679,114802.649626239,111986.234701309,112419.027500169,57817883699.69,2816.41492493,2.46457935993656,-0.038863972907377
2025-08-20,112828.021389307,114625.796137193,112387.961961708,114274.740784248,67993811525.52,2237.834175485,1.98340283550969,0.0163723489227117
2025-08-19,116241.856549818,116764.496291342,112730.398688745,112831.175994352,71657600352.99,4034.097602597,3.47043459415852,-0.012712872058863
2025-08-18,117453.906385662,117614.171154347,114723.682402312,116252.311935853,72787808089.51,2890.488752035,2.46095582597656,0.029870248084066
2025-08-17,117492.788582193,118595.776250713,117279.520970397,117453.062710041,45852169525.35,1316.25528031599,1.12028601601808,0.0102758555888247
2025-08-16,117398.42308612,117996.063347734,117271.952404026,117491.348389525,48036922377.96,724.110943708001,0.616797845041594,0.000325912667117123
2025-08-15,118365.78439117,119332.31175546,116864.573476949,117398.347982968,68665353159.16,2467.73827851101,2.08484089486176,-0.000791864546235033
2025-08-14,123339.395387856,124457.116870366,117254.882638702,118359.580570531,104055627395.48,7202.234231664,5.83936236189231,0.00815444825026113
2025-08-13,120168.977702397,123682.453370784,118939.631294659,123344.059805649,90904808794.95,4742.822076125,3.94679406183414,0.0412504007356027
2025-08-12,118717.662447956,120302.470669982,118228.722197716,120172.90705994,72803657984.3,2073.748472266,1.74679018227393,-0.026046086726323
2025-08-11,119306.810765363,122321.097435406,118159.028541729,118731.447032715,90528784177.43,4162.068893677,3.48854257940262,-0.0120674026644654
2025-08-10,116497.716576409,119320.71408632,116485.16604881,119306.761421821,64755458694.47,2835.54803751,2.43399452009878,0.00483380809374623
2025-08-09,116678.275689816,117906.611765091,116363.835154695,116500.362057994,54004312428.99,1542.776610396,1.3222483802361,-0.0238036224936131
2025-08-08,117505.497390409,117689.201454834,115917.458094284,116688.72541226,59713005166.12,1771.74336055,1.50779614562494,0.00161554211029369
2025-08-07,115030.052227047,117676.905454711,114279.712018255,117496.897396776,64051649680.54,3397.193436456,2.95330947929207,0.00690200519661133
2025-08-06,114140.913579714,115737.833234588,113372.249031331,115027.996413369,56379133509.58,2365.58420325701,2.0725120634372,-0.0212363822941768
2025-08-05,115072.184557742,115117.435936834,112701.110400474,114141.441728351,61039182286.4,2416.32553635999,2.09983459134514,-0.00773714955091798
2025-08-04,114223.923285018,115729.471975179,114130.403165161,115071.884324266,35783028986.15,1599.068810018,1.39994211722873,0.00811861790534252
2025-08-03,112525.803329133,114747.423370575,111943.804417695,114217.672969104,48099615825.72,2803.61895287999,2.49153427030379,-0.00745097436778863
2025-08-02,113320.394357569,114021.605142011,112005.7690999,112526.914642511,56870865999.63,2015.836042111,1.77888195107252,-0.0149136054966199
2025-08-01,115738.955212248,116060.772622109,112724.442986137,113320.085972303,91294530181.27,3336.329635972,2.88263327576585,0.00702399933281761
2025-07-31,117833.629644124,118919.984707167,115505.222270525,115758.203928793,69370346017.86,3414.76243664199,2.89795234769149,0.0212871330989799
2025-07-30,117921.994085928,118780.726723111,115800.826799955,117831.191384623,68896148591.57,2979.899923156,2.52700944065158,0.0177494519913441
2025-07-29,117938.584359277,119273.87009274,116987.370942532,117922.147836902,68463107433.08,2286.49915020801,1.93872019291213,0.000771623910756247
2025-07-28,119457.521950942,119819.789900283,117441.437455587,117924.472952715,64822943193.08,2378.35244469599,1.9909608083723,1.97171857312384e-05
2025-07-27,117944.729662465,119815.59730008,117859.687039823,119448.49032954,54683390891.99,1955.91026025701,1.65832781664297,0.0128408753610252
2025-07-26,117644.844062522,118335.685512688,117181.227801495,117947.366242204,48508954045.79,1154.457711193,0.981307528088069,-0.0126467590168371
2025-07-25,118368.003249178,118486.978912081,114759.823226985,117635.881075938,104857024568.67,3727.155685096,3.14878648180786,-0.00264437604390544
2025-07-24,118770.981484599,119535.454723233,117247.972162024,118368.003249178,72627318559.56,2287.48256120899,1.92596081350528,0.00620434298232198
2025-07-23,119997.442691449,120113.350527661,117391.39084129,118754.957194331,66608604536.87,2721.95968637099,2.26834807919199,0.00326374373798366
2025-07-22,117426.498153399,120269.966472863,116233.22615366,119995.415551834,79217583118.49,4036.740319203,3.43767410480865,0.0103913514797203
2025-07-21,117306.466982129,119671.564119194,116584.400358105,117439.535800428,69820091744.15,3087.16376108899,2.63170807246228,-0.0215299261121853
2025-07-20,117944.109242522,118865.034065043,116550.136123986,117300.785740288,57515447231.38,2314.897941057,1.96270755353877,-0.00118215801518851
2025-07-19,117998.127364183,118541.401719451,117388.410662018,117939.978739051,47564562764.75,1152.991057433,0.977126572419637,0.00543438611297198
2025-07-18,119284.111790939,120851.917826454,116925.981239752,118003.224495527,77945799784.74,3925.936586702,3.29124853910361,0.000536110022443026
2025-07-17,118738.506038944,120999.60715835,117508.216047477,119289.842191795,72363841798.42,3491.391110873,2.9404034355358,0.0108442300718838
2025-07-16,117777.188994776,120065.518667182,117064.821563721,118738.506038944,72162029070.46,3000.697103461,2.54777442819942,-0.00463253341829528
2025-07-15,119853.848475828,119935.560408497,115765.686726596,117777.188994776,98321661180.6,4169.87368190099,3.47913207204354,-0.00812903632273887
2025-07-14,119115.787509641,123091.612801368,118959.196785635,119849.705720315,181746419401.06,4132.416015733,3.46924291240448,0.0174438948209819
2025-07-13,117432.200845864,119449.571906013,117265.437864547,119116.117549247,49021091807.15,2184.13404146601,1.85991067674257,-0.00613971040274386
2025-07-12,117530.712895726,118219.900042741,116977.023697619,117435.230053151,45524560304.01,1242.876345122,1.05749068860383,-0.0142118470657575
2025-07-11,115986.234797084,118856.473739289,115245.686348571,117516.993668425,86928361084.93,3610.78739071799,3.11311717035647,0.000696002083142133
2025-07-10,111329.195980948,116608.784676129,110660.749453081,115987.206196845,95911605727.89,5948.03522304799,5.34274515381023,-0.0131030564747494
2025-07-09,108950.27554319,111925.376946828,108357.682031517,111326.551269055,57927418064.83,3567.69491531099,3.27460843721931,-0.0410121079092356
2025-07-08,108298.22897458,109198.971616406,107499.556467577,108950.27554319,44282204126.95,1699.41514882899,1.56919939035003,-0.0215761952413427
2025-07-07,109235.327989524,109710.249827483,107527.057209515,108299.851087593,45415696597.48,2183.192617968,1.99861405476567,-0.00598781145987459
2025-07-06,108231.183832983,109731.625944599,107847.017158808,109232.069734557,36746020463.25,1884.608785791,1.74128076497734,0.00857092007662708
2025-07-05,108015.839226322,108381.340161426,107842.275057062,108231.181990194,30615537519.57,539.065104363995,0.499061163830344,-0.00920518574030638
2025-07-04,109635.655197452,109751.987455914,107296.380029947,108034.339049901,42616442655.9,2455.607425967,2.23978907367725,-0.00182038258992456
2025-07-03,108845.01285506,110541.461567283,108605.795642852,109647.97877391,50494742269.78,1935.665924431,1.77836896120226,0.0148259105062714
2025-07-02,105703.09985518,109763.653517996,105157.39559599,108859.323868236,56248657736.96,4606.257922006,4.3577321084404,-0.00721859929392643
2025-07-01,107144.382643744,107550.678694462,105270.226604353,105698.278144001,44110692246.89,2280.452090109,2.12839164671052,-0.029467839250465
2025-06-30,108383.44117956,108798.791914774,106759.650326898,107135.33451056,42064804589.76,2039.141587876,1.88141432462707,0.0135042410602111
2025-06-29,107327.822426349,108526.307040895,107230.110525133,108385.570088447,35534874438.25,1296.196515762,1.20769851326433,0.0116021191040616
2025-06-28,107090.548856664,107567.881577133,106883.973280972,107327.703180814,30037708334.64,683.908296160997,0.638626193872979,-0.00980816221604819
2025-06-27,106954.923331354,107772.471512168,106449.994143174,107088.430228831,45353692674.51,1322.477368994,1.23648105931213,-0.00223185678708049
2025-06-26,107375.070639203,108305.543038463,106666.349771537,106960.003268996,43891990612.71,1639.193266926,1.52660506500056,-0.00119998051980197
2025-06-25,106047.403166732,108168.400275352,105881.389363678,107361.260804055,51624120283.34,2287.01091167401,2.1565930361145,0.00374445350187713
2025-06-24,105571.517764812,106316.828577817,104740.242095688,106045.632095475,48822986421.13,1576.586482129,1.49338241555005,-0.0123299239144092
2025-06-23,100987.473109528,106116.86234836,99705.747002114,105577.772031548,65237759656.41,6411.11534624599,6.34842634322842,-0.00442163595385381
2025-06-22,102212.034885284,103351.63041091,98286.2059304254,100987.139519055,65536997200.85,5065.42448048459,4.95580044577891,-0.0444546797506788
2025-06-21,103315.080638019,104015.780111655,100973.064188957,102257.408689679,38360555117.77,3042.715922698,2.94508401281575,0.0125000716814228
2025-06-20,104681.033043164,106539.383908493,102372.211001763,103309.604124522,50951862476.19,4167.17290672999,3.98082898648096,0.0102370960148921
2025-06-19,104886.774301577,105250.892265419,103940.775183163,104684.285952454,37333806919.54,1310.11708225599,1.24907748472564,0.0132186752626691
2025-06-18,104602.06863467,105581.85311318,103602.261836019,104883.326926161,47318089133.08,1979.591277161,1.89249725459528,0.00189954001787029
2025-06-17,106794.120905109,107750.194123994,103396.528048219,104601.116829263,55964092175.52,4353.66607577501,4.07669077555629,-0.00269433149843934
2025-06-16,105555.592905889,108915.375602787,104997.621249587,106796.757198689,50366626944.57,3917.7543532,3.71155544234684,0.0207733340391378
2025-06-15,105464.840073768,106157.098354281,104519.880197283,105552.026954677,36744307741.93,1637.218156998,1.55238291344569,-0.0117235849077826
2025-06-14,106108.085236325,106203.756019812,104379.365232016,105472.408652886,38007870452.64,1824.390787796,1.71937019100166,-0.000754588494357833
2025-06-13,105924.590560775,106182.545977662,102822.02580415,106090.96639466,69550440845.69,3360.52017351199,3.17255904008793,0.00584751027139774
2025-06-12,108685.9104296,108780.697441616,105785.688736386,105929.05126273,54843867967.5,2995.00870522999,2.75565498176507,-0.00152735732404352
2025-06-11,110261.796256765,110384.220962174,108086.327919075,108686.627682139,50842662052.1,2297.893043099,2.08403374614715,0.0256992238538487
2025-06-10,110295.687653488,110380.121446452,108367.713432595,110257.237712366,54700101508.91,2012.408013857,1.82455729382576,0.0143473942009056
2025-06-09,105793.021174681,110561.419818125,105400.23089579,110294.099105573,55903193732.46,5161.188922335,4.87857220167015,0.000334265881877016
2025-06-08,105617.50944446,106497.05984532,105075.33051953,105793.650227527,36626232327.83,1421.72932578999,1.34611139125338,-0.0416599253687409
2025-06-07,104390.644796748,105972.754087693,103987.311793185,105615.626309464,38365033775.84,1985.442294508,1.90193508084342,-0.00168416412995853
2025-06-06,101574.367073762,105376.77341111,101169.572437053,104390.346938475,48856653697.18,4207.20097405701,4.14199083416566,-0.0116691278416159
2025-06-05,104750.780054768,105936.690173214,100436.885912503,101575.952306187,57479298399.76,5499.804260711,5.25037069684395,-0.0273303916693219
2025-06-04,105434.368314813,105997.692342316,104232.69994976,104731.983255147,44544857105.32,1764.992392556,1.67401998111846,0.0305977292155681
2025-06-03,105888.473534717,106813.579031267,104920.844138309,105432.470066607,46196508367.02,1892.734892958,1.78747962811783,0.00666610736826989
2025-06-02,105649.809632277,105958.313362378,103727.547074087,105881.533902031,45819706290.18,2230.76628829101,2.11147213237333,0.0042502106154032
2025-06-01,104637.296686896,105884.544288698,103826.955561967,105652.098562525,37397056873.12,2057.588726731,1.96640088370008,-0.00216925721743166
2025-05-31,103994.71517576,104927.104592887,103136.113450883,104638.091255003,38997843858.47,1790.991142004,1.72219438168283,-0.00964396073303853
2025-05-30,105646.207725502,106308.948522242,103685.788273548,103998.57224063,57655287183.41,2623.16024869401,2.48296678619047,-0.00613047588628746
2025-05-29,107795.570582287,108910.049211012,105374.39990131,105641.760698379,56022752042.28,3535.649309702,3.27995787823491,0.0156765836652415
2025-05-28,108992.172511415,109298.288621505,106812.929947847,107802.324536065,49155377492.62,2485.35867365799,2.2803093253304,0.0202454673998442
2025-05-27,109440.40947802,110744.207844024,107609.556733003,108994.642150819,57450176271.9,3134.651111021,2.86425382175727,0.0109995047846336
2025-05-26,109023.778328203,110376.881472669,108735.641921804,109440.368358228,45950461570.55,1641.23955086501,1.50539595676482,0.00408109327358197
2025-05-25,107802.272129545,109313.301527919,106683.372464366,109035.387032731,47518041840.84,2629.92906355301,2.439585930427,-0.0037073384973354
2025-05-24,107278.506977914,109454.521179255,106895.291081422,107791.157541236,45903627162.57,2559.230097833,2.38559444004929,-0.011476852626231
2025-05-23,111679.356260285,111798.903872613,106841.301245188,107287.796706822,67548133399.04,4957.60262742499,4.43913968833289,-0.00468071602067077
2025-05-22,109673.491856192,111970.16811008,109285.072388711,111673.284018745,70157575642.18,2685.095721369,2.44826318185419,0.0400625886997972
2025-05-21,106791.312423697,110724.464181457,106127.234598321,109678.076309537,78086364051.2,4597.22958313601,4.30487225861257,-0.0180280052882775
2025-05-20,105605.409144575,107307.113935127,104206.515778156,106791.089661712,36515726122.09,3100.598156971,2.93602210538879,-0.0266750030704159
2025-05-19,106430.532702754,107068.722368278,102112.685460073,105606.181467541,61761126647.23,4956.036908205,4.65659316208304,-0.011157586728423
2025-05-18,103186.955635825,106597.168134397,103142.604578778,106446.010554426,49887082058.37,3454.563555619,3.34786847264987,0.00792100727602651
2025-05-17,103489.289735695,103716.948988167,102659.177081301,103191.085477699,37898552742.49,1057.77190686601,1.02210761091074,-0.0310554451730702
2025-05-16,103735.655063371,104533.486651073,103137.478737495,103489.29171157,44386499364.19,1396.00791357801,1.34573586364804,0.0028856773425705
2025-05-15,103538.825684185,104153.619877344,101440.812463877,103744.643580522,50408241840.21,2712.807413467,2.62008709828488,0.00246438400955462
2025-05-14,104167.325600448,104303.565168262,102618.297355274,103539.417089133,45956071154.97,1685.26781298799,1.61784686635052,-0.00198014799385504
2025-05-13,102812.492464318,104997.420585901,101515.092861187,104169.81288185,52608876410.39,3482.32772471399,3.38706672822134,0.00607000207335773
2025-05-12,104106.962706625,105747.452068376,100814.402573328,102812.953251549,63250475404.07,4933.04949504801,4.7384433920615,-0.0131110342423071
2025-05-11,104701.072596459,104937.989245248,103364.739753832,104106.355526265,46285517406.46,1573.24949141601,1.50261067284349,0.0125016764071439
2025-05-10,102973.714227697,104961.764391069,102830.481623038,104696.327291172,42276713994.21,2131.282768031,2.06973477067971,0.00565101297508264
2025-05-09,103239.125163904,104297.490908245,102343.090330327,102970.849744033,58198593958.12,1954.400577918,1.89308130499475,-0.0166181028776329
2025-05-08,97034.2468888418,103969.536490353,96913.8723974176,103241.460829801,69895404396.74,7055.6640929354,7.27131329314903,0.00262458861312709
2025-05-07,96800.1944965502,97625.8053447067,95829.3320669444,97032.3189665813,76983822461.78,1796.47327776231,1.8558570952317,-0.0620264163613982
2025-05-06,94748.3862881353,96889.1762342253,93399.8589076862,96802.4775637596,26551275826.73,3489.31732653911,3.68271953036529,-0.00237151961006887
2025-05-05,94319.5628677338,95193.1862006466,93566.2638409303,94748.0514753733,25816260327.41,1626.92235971629,1.72490447395071,-0.0214513097745694
2025-05-04,95877.1841802496,96318.9198205634,94173.4322400329,94315.9748890489,18198688416.06,2145.48758053051,2.23774571486891,-0.00457069858134496
2025-05-03,96904.6347353242,96943.8818152762,95821.2909183689,95891.7980343153,15775154888.97,1122.59089690729,1.15844912885067,0.0165698717334237
2025-05-02,96494.9691901396,97905.9008135535,96375.9461133598,96910.0685777286,26421924676.66,1529.9547001937,1.58552794309824,0.0105629683902357
2025-05-01,94212.8628771738,97437.9638787913,94153.6338815343,96492.3390492363,32875889623.44,3284.32999725699,3.48607387245923,-0.00431980328695403
2025-04-30,94286.4686573453,95249.319407173,92979.639627542,94207.311297523,28344679831.08,2269.679779631,2.40721686998316,-0.0239658239088776
2025-04-29,94981.8613835771,95485.4128200751,93796.6342233736,94284.7916281156,25806129920.72,1688.77859670149,1.77800115948611,0.000822106961020808
2025-04-28,93755.3036053418,95598.492236527,92860.808221058,94978.7525036375,32363449569.16,2737.684015469,2.9200310917803,0.00733330857407921
2025-04-27,94660.9092081124,95301.2063769868,93665.3973569293,93754.846738124,18090367763.89,1635.8090200575,1.72807237300158,-0.0129698466747588
2025-04-26,94714.6463714469,95251.3594381245,93927.2506283557,94646.928111682,17612825123.36,1324.1088097688,1.39799794487537,0.00947005983602622
2025-04-25,93954.249819661,95768.3924669559,92898.5930911719,94720.4980175858,40915232363.91,2869.799375784,3.05446467966313,0.000777007018673004
2025-04-24,93692.3959519458,94016.19442848,91696.7141140385,93943.7934161249,31483175315.4,2319.48031444149,2.47563347150513,-0.00823376785937135
2025-04-23,93427.5858085506,94535.7320718952,91962.9581822579,93699.1131760367,41719568820.85,2572.77388963729,2.75376257169842,-0.00260793635326984
2025-04-22,87521.8711734663,93817.3837912219,87084.529413867,93441.8933475575,55899038455.73,6732.8543773549,7.69276786143037,-0.00274894311230867
2025-04-21,85171.5427512029,88460.0961714718,85143.8377085489,87518.9050346999,41396190189.88,3316.25846292289,3.89362263004924,-0.0654849540180091
2025-04-20,85066.068869856,85306.3812568669,83976.8458492975,85174.3016291611,14664050811.93,1329.53540756939,1.56294445627136,-0.0271550632992259
2025-04-19,84450.8703334615,85597.7037392458,84353.4578154094,85063.4130568411,15259300427.02,1244.2459238364,1.47333700520005,-0.00130274996004687
2025-04-18,84900.1913574227,85095.0494426195,84298.8832048904,84450.8070773412,12728372364.23,796.166237729092,0.937767306527378,-0.00722781423242225
2025-04-17,84030.672926765,85449.067655591,83749.7530202011,84895.7514392675,21276866029.01,1699.31463538991,2.02225517921403,0.00525485005061732
2025-04-16,83674.5110786453,85428.2824096212,83100.617930143,84033.865416481,29617804112.22,2327.6644794782,2.78180828244152,-0.0102041728085673
2025-04-15,84539.692784981,86429.3484786375,83598.818421582,83668.9893302616,28040322884.75,2830.53005705551,3.34816695425509,-0.00435146631847338
2025-04-14,83694.5232732834,85784.9977272972,83690.6369469088,84542.3912826737,34090769777.17,2094.36078038841,2.50238689280755,0.0103846695543037
2025-04-13,85279.4705343828,86015.1858492691,83027.0042626966,83684.9790281051,28796984817.37,2988.18158657249,3.50398702975967,-0.0101935811917269
2025-04-12,83404.516993045,85856.1878699008,82769.3778925434,85287.1132768994,24258059103.94,3086.80997735739,3.70101055511753,0.0189638684241018
2025-04-11,79625.0481407205,84247.4736492697,78936.3205689461,83404.8398063772,41656778779.2,5311.15308032359,6.67020391741208,-0.0223170288520098
2025-04-10,82565.9744525521,82700.9320641928,78456.1337477737,79626.1414360505,44718000633.05,4244.79831641911,5.14109879349689,-0.0463638899962664
2025-04-09,76273.5617005576,83541.0002548722,74589.6727070598,82573.9511277008,84213627037.89,8951.3275478124,11.735819526764,0.0363518202036683
2025-04-08,79218.4738597791,80823.8881213157,76198.022280574,76271.9501747134,48314590748.66,4625.8658407417,5.83937762917489,-0.0793890239355228
2025-04-07,78221.3331336497,81119.0644210414,74436.6791009452,79235.333132174,91262424987.16,6682.3853200962,8.54291924260434,0.0381170795379084
2025-04-06,83504.5071163801,83704.7177864194,77097.7409017465,78214.4808171041,36294853735.96,6606.9768846729,7.91212009127216,-0.0129675176447765
2025-04-05,83844.6996629091,84207.0193621592,82377.7358642744,83504.8001720546,14380803630.57,1829.28349788481,2.18175210268425,0.0654493101974758
2025-04-04,83100.2474409798,84696.1462638178,81670.7487703545,83843.8048731047,45157640206.84,3025.3974934633,3.6406600300583,0.00405148479935491
2025-04-03,82487.4764239047,83909.2983654795,81282.0978627491,83102.8282065402,36852112079.93,2627.2005027304,3.18496893907769,-0.00887686703900492
2025-04-02,85180.6130399194,88466.9569585923,82343.5391072756,82485.7083713044,47584398470.45,6123.4178513167,7.1887459279578,-0.00745368858402884
2025-04-01,82551.9187292547,85487.3661226658,82429.3619929085,85169.1695887702,28175650319.38,3058.0041297573,3.70434046455859,0.0320144625903787
2025-03-31,82336.0593457524,83870.1213490621,81293.8885609204,82548.9109608694,29004228246.6,2576.2327881417,3.12892408091013,-0.0312485312614168
2025-03-30,82596.9832343092,83505.0029320693,81573.2470657633,82334.5226969202,14763760943.16,1931.755866306,2.3387729075117,-0.00260048423313641
2025-03-29,84352.0727262958,84567.3321457268,81634.1413054795,82597.5843388613,16969396135.15,2933.19084024731,3.47731922339938,0.00318994123993299
2025-03-28,87185.2346771071,87489.8612148241,83557.6424644235,84353.1510125816,34198619509.07,3932.2187504006,4.51018886966776,0.0210317298900637
2025-03-27,86896.2548762212,87786.723395316,85837.9337014745,87177.1021055135,24413471940.5,1948.78969384151,2.24266246757981,0.0329295412017938
2025-03-26,87460.2366697949,88292.156901437,85861.455394714,86900.8855432885,26704046037.95,2430.70150672301,2.77920755680103,-0.00317348330791667
2025-03-25,87512.8194407259,88542.3946728374,86346.0788966631,87471.7030479404,30005840048.56,2196.31577617431,2.50970748081304,0.00654712473172836
2025-03-24,86070.9281111585,88758.7296368342,85541.1981001687,87498.9124102767,34582604932.53,3217.53153666551,3.73823264983288,0.000311016366769223
2025-03-23,83831.9005141602,86094.7800776054,83794.9106561252,86054.3718630108,12594615536.53,2299.86942148021,2.74342989646493,-0.0166470362445317
2025-03-22,84046.2582881817,84513.8724239979,83674.78082322,83832.4875518333,9863214090.93,839.091600777901,0.998368776752423,-0.0261587154690908
2025-03-21,84164.5425239259,84782.27165102,83171.0697216811,84043.245182099,19030452299.43,1611.2019293389,1.91434763502799,0.00251087798766925
2025-03-20,86872.9533018947,87443.2677695942,83647.1939665022,84167.1934043364,29028988960.57,3796.073803092,4.36968430197159,0.00147372833353643
2025-03-19,82718.8042584539,87021.1858054925,82569.7268946267,86854.2259604391,34931960257.28,4451.4589108658,5.38143527432682,0.031425931357564
2025-03-18,84075.7156723962,84075.7156723962,81179.9901632846,82718.5023176431,24095774593.8,2895.72550911159,3.44418776094025,-0.048787844502769
2025-03-17,82576.3342781945,84725.3259819035,82492.1525372132,84075.6886968797,25092785558.06,2233.1734446903,2.70437464221514,0.0162741438994978
2025-03-16,84333.3216170116,85051.5984853423,82017.9047143343,82579.6908921864,21330270173.57,3033.69377100799,3.59726584087972,-0.0179536717320943
2025-03-15,83968.4059495509,84672.6721611549,83639.5948576348,84343.1084583416,13650491277.15,1033.0773035201,1.23031667903852,0.021129326596256
2025-03-14,81066.993377569,85263.2898568471,80797.5625908225,83969.0997189857,29588112413.91,4465.72726602459,5.50868742007675,-0.00444423323773968
2025-03-13,83724.9195997057,84301.6919089795,79931.853244561,81066.7013691458,31412940153.29,4369.83866441849,5.21928081306137,-0.0351765811806253
2025-03-12,82857.3783720186,84358.5774618278,80635.2492346441,83722.3619517496,40353484453.92,3723.32822718369,4.49365922545418,0.0322338201976038
2025-03-11,78523.8715438118,83577.7559592816,76624.2524898268,82862.2081809809,54702837195.93,6953.50346945479,8.85527334904156,-0.010327023859432
2025-03-10,80597.1497836398,83955.9262519717,77420.5921857503,78532.0018084677,54061099421.87,6535.3340662214,8.10864166259635,-0.0536728777704063
2025-03-09,86154.3058905771,86471.1301630585,80052.4869785059,80601.0413114199,30899345977.33,6418.64318455259,7.45017108338704,0.0260053608607311
2025-03-08,86742.6529900258,86847.2675938541,85247.4841877294,86154.5932099702,18206118081.06,1599.78340612471,1.8442869234224,0.0666317090515118
2025-03-07,89963.2830044752,91191.0496299424,84717.6796713483,86742.6756244441,65945677657.29,6473.36995859409,7.19556883920307,0.00680270644317815
2025-03-06,90622.3611550251,92804.9398315323,87852.1384806097,89961.727243714,47749810486.3,4952.8013509226,5.4653192521104,0.0364383426166661
2025-03-05,87222.954869116,90998.2395434617,86379.7730424013,90623.5618428087,50498988027.45,4618.46650106041,5.29501265806774,0.00732991669118022
2025-03-04,86064.0666589959,88911.2740776466,81529.2398329868,87222.1922066767,68095241474.12,7382.03424465979,8.57737094147431,-0.0382554474093322
2025-03-03,94248.4214971805,94429.7478237328,85081.3049286788,86065.6683289207,70072228536.46,9348.442895054,9.91893842522728,-0.0133482062282138
2025-03-02,86036.2575495497,95043.435203001,85040.211164905,94248.3505251674,58398341092.43,10003.224038096,11.6267540255746,0.0908227350251014
2025-03-01,84373.8643718367,86522.3023454015,83794.2324922408,86031.9123977154,29190628396.31,2728.0698531607,3.23331149221525,-0.0912150233012721
2025-02-28,84705.6284802187,85036.3222274563,78248.9161015268,84373.0103295802,83610570575.92,6787.4061259295,8.01293402541079,-0.0194707341788707
2025-02-27,84076.8619070145,87000.7810169214,83144.9590529622,84704.2245822833,52659591953.61,3855.82196395921,4.58606788657692,0.00391790978311768
2025-02-26,88638.893456738,89286.2519247124,82131.9013643001,84347.019721982,64597492134.27,7154.35056041231,8.07134462244176,-0.0042260013333113
2025-02-25,91437.1140051059,92511.0797388523,86008.2349127652,88736.1734415255,92139104127.7,6502.84482608711,7.11182203948824,0.0507281479250885
2025-02-24,96277.9637903407,96503.4544271125,91371.7407133849,91418.1736674415,44046480529.18,5131.7137137276,5.33010204173268,0.0297766713083139
2025-02-23,96577.8030806053,96671.8742938271,95270.4528059821,96273.9197465574,16999478976.16,1401.421487845,1.4510803136362,0.0517531638212372
2025-02-22,96134.2019122491,96950.1593791318,95765.3403944205,96577.7615471497,18353824476.55,1184.8189847113,1.23246353653905,0.00315104384841014
2025-02-21,98340.6700379587,99497.9667673705,94852.9586202686,96125.5440549653,49608706469.55,4645.00814710189,4.72338468439249,-0.00469341530906675
2025-02-20,96632.6791870311,98767.1937355485,96442.6707214109,98333.937829345,31668022770.75,2324.52301413759,2.4055247496952,0.0227141273904916
2025-02-19,95532.5321463391,96855.5972199515,95011.9690766763,96635.6132123525,28990872861.84,1843.6281432752,1.92984327103471,-0.0174218749977744
2025-02-18,95773.8162428381,96695.378399656,93388.8322011121,95539.5436031828,37325720482.36,3306.54619854389,3.45245321556365,-0.011407109145118
2025-02-17,96179.0045652885,97032.2382535096,95243.5431921376,95773.3841866043,27336550689.63,1788.695061372,1.85975626328903,0.00244458858662533
2025-02-16,97580.4905830129,97725.5973030704,96060.9797534292,96175.0320402609,16536755396.23,1664.6175496412,1.70589176145317,0.00418496227010934
2025-02-15,97508.3827694604,97975.0372487157,97240.197119082,97580.3493821008,17047266288.41,734.840129633696,0.753617390384868,0.0145063530658991
2025-02-14,96623.3708675579,98819.468963167,96342.8060263559,97508.9699033175,32697987276.92,2476.6629368111,2.56321313836781,-0.000731762069086983
2025-02-13,97888.7464885097,98111.0874246068,95269.7078995683,96623.8690084382,37147280859.99,2841.3795250385,2.90266208013198,-0.00911857089940327
2025-02-12,95745.6944569594,98151.0269256076,94101.2033270052,97885.8630551901,49340445529.78,4049.82359860239,4.22977097985634,0.0129763353406336
2025-02-11,97438.1312083266,98492.9012816126,94875.0388502221,95747.4311295895,37488783271.89,3617.8624313905,3.71298421524051,-0.0220883384547044
2025-02-10,96499.4620926385,98333.2200725747,95320.8420255399,97437.5572620868,40078962390.78,3012.3780470348,3.12165268252267,0.0174979357309333
2025-02-09,96481.315261394,97325.2820426549,94745.2612271789,96500.0947902698,27732901800.43,2580.020815476,2.67411447334236,-0.00966774387094915
2025-02-08,96533.2608441032,96877.8073359892,95702.4923701161,96482.4498744429,22447526395.12,1175.3149658731,1.21752332366683,-0.000182865407923671
2025-02-07,96581.3172874407,100154.143334761,95653.8866516577,96529.082494532,55741290456.48,4500.2566831033,4.65955198116615,0.000483210722428851
2025-02-06,96610.6402284928,99168.6060063579,95707.3499191183,96593.3003285625,45302471947.11,3461.25608723961,3.58268621246421,0.000665048094981913
2025-02-05,97878.0097544626,99113.2078252824,96174.8255591031,96615.4445401536,49125911241.12,2938.38226617929,3.00208624342745,0.000229225770324248
2025-02-04,101398.717040286,101745.61330482,96208.1065468762,97871.8178338929,73002130210.71,5537.5067579438,5.46112112616152,0.0129200314227464
2025-02-03,97681.1032562505,102514.174680174,91242.8926025841,101405.42306569,115400897748.03,11271.2820775899,11.5388562391863,0.0354679304075294
2025-02-02,100661.536387236,101430.665833041,96216.0778118839,97688.9793048889,63091816853.4,5214.58802115711,5.18031833042668,-0.0373378203338692
2025-02-01,102402.798115397,102755.726017527,100297.709238742,100655.905651215,27757944848.3,2458.01677878501,2.40034142037319,0.029919074185063
2025-01-31,104737.562192036,106026.350288085,101543.882913922,102405.027084445,45732764359.6,4482.467374163,4.27971329516378,0.0172279785336098
2025-01-30,103709.338799125,106418.766694569,103321.645064458,104735.302839148,41915744521.36,3097.121630111,2.9863478698961,0.0225004379115195
2025-01-29,101317.527253211,104750.807242001,101283.822709572,103703.211192417,47432049817.95,3466.98453242899,3.42190006647553,-0.0099031610017466
2025-01-28,102095.417582976,103730.821061224,100238.188136838,101332.476220806,47180685494,3492.63292438599,3.42094974198761,-0.0231261265766793
2025-01-27,102680.303590971,103214.110459846,97795.9361021666,102087.691335018,89006608427.88,5418.1743576794,5.27674166144152,0.00742520855332529
2025-01-26,104713.213229964,105438.64453453,102507.711729671,102682.497033177,22543395879.45,2930.932804859,2.79900951795098,0.00580951139235708
2025-01-25,104824.033678871,105243.790602135,104120.376804961,104714.645366318,23888996501.99,1123.41379717401,1.07171395504164,0.0195973131280365
2025-01-24,103965.669720643,107098.545163116,102772.124173158,104819.484485496,52388229265.3,4326.420989958,4.16139385393577,0.00100068784021801
2025-01-23,103657.674563574,106820.328808409,101257.803175502,103960.171637227,104104515428.06,5562.525632907,5.36624582437016,-0.00823181450409116
2025-01-22,106136.383347101,106294.340135772,103360.269311615,103653.069242229,53878181052.37,2934.070824157,2.7644345243625,-0.00295841072257375
2025-01-21,102052.575251194,107180.924895101,100103.955807099,106146.263006734,88733878242.01,7076.96908800199,6.93463057701642,0.0237685326519674
2025-01-20,101083.753465156,109114.884834088,99471.3589402134,102016.662280759,126279678351.02,9643.52589387461,9.54013435719794,-0.0396818270573718
2025-01-19,104411.286795273,106299.798528867,99570.5311832792,101089.606498321,76789928525.09,6729.2673455878,6.4449616053314,-0.00912883906609352
2025-01-18,104124.954576209,104913.206214376,102226.620334554,104408.067303051,50445655725.64,2686.585879822,2.58015563200624,0.0322996289100583
2025-01-17,100025.765055268,105884.230447798,99948.9050642389,104462.042622218,71888972662.9,5935.3253835591,5.9337965376017,0.000516831445033006
2025-01-16,100505.298726307,100781.589095023,97364.4430844998,99756.9090981947,54103781804.71,3417.1460105232,3.39996602550147,-0.04608745941227
2025-01-15,96534.0459693992,100697.234363435,96501.6443933864,100504.493441195,57805923627.33,4195.58997004859,4.34622824301653,0.00746611984366474
2025-01-14,94519.0071414979,97352.6647477847,94322.154503832,96534.0442146476,53769675817.65,3030.5102439527,3.20624426303582,-0.0403067014389418
2025-01-13,94488.8921736814,95837.0002259194,89260.1001886086,94516.5256268428,72978998252.04,6576.9000373108,6.96050073824731,-0.0211210423492645
2025-01-12,94565.7258317476,95367.5362990402,93712.5116724825,94488.4410616268,20885130964.79,1655.0246265577,1.75013157462815,-0.000297183358879849
2025-01-11,94700.8380534732,94977.6876648955,93840.043523601,94566.5936752458,18860894100.35,1137.6441412945,1.20130314016031,0.0008267710847214
2025-01-10,92494.4915059927,95770.6115962075,92250.092737317,94701.4564626687,62058693683.57,3520.5188588905,3.8061929976256,0.00142509853246864
2025-01-09,95043.4876399706,95349.7214596253,91220.8422602806,92484.0369715298,62777261693.16,4128.87919934471,4.34420000977353,-0.0236933234822558
2025-01-08,96924.1649742654,97258.3217480094,92525.8445608172,95043.5234559406,63875859171.19,4732.4771871922,4.88265974584226,0.0272988719820422
2025-01-07,102248.852548183,102712.485697272,96132.8747011312,96922.7052796726,58685738546.55,6579.61099614081,6.43489959267785,0.0195788797333787
2025-01-06,98314.9569580597,102482.873909919,97926.1485172348,102078.085572877,51823432704.9,4556.72539268419,4.63482417495036,0.0518242571758591
2025-01-05,98233.9057765858,98813.3085544115,97291.7646063472,98314.9594436372,20525254824.64,1521.5439480643,1.54889896317953,-0.0375618681394805
2025-01-04,98106.9935527892,98734.4281764666,97562.9759692776,98236.2290916657,22342608077.72,1171.452207189,1.19405575970347,-0.00080111808805583
2025-01-03,96881.7290234686,98956.9170426074,96034.6140572454,98107.4287619937,35611391162.85,2922.302985362,3.0163613044665,-0.001311988882712
2025-01-02,94416.2865472787,97739.8168446244,94201.5704154564,96886.8782682304,46009564411.19,3538.24642916799,3.74749585962187,-0.0125189955874543
2025-01-01,93425.1021360494,94929.8648089961,92788.1278846819,94419.7575054903,24519888918.84,2141.7369243142,2.29246409727797,-0.0257937476775236
2024-12-31,92643.251221688,96090.6037883835,91914.0277832714,93429.2028113992,43625106842.87,4176.57600511209,4.50823557035781,-0.0105463865619662
2024-12-30,93527.1974974745,94903.3238957155,91317.1354600511,92643.2146040146,56188003691.42,3586.1884356644,3.83438029965694,-0.00844824711959191
2024-12-29,95174.0551172888,95174.8784017898,92881.7918699336,93530.2284378695,29635885266.64,2293.0865318562,2.40936096400462,0.00952896966595418
2024-12-28,94160.1862227031,95525.8985215209,94014.2864973319,95163.9319264048,24107436184.88,1511.612024189,1.60536218632131,0.0173163208444773
2024-12-27,95704.9745862557,97294.8464204259,93310.7438042296,94164.8603483526,52419934565.08,3984.10261619631,4.16290023942859,-0.0105539240970476
2024-12-26,99297.6970087846,99884.57216657,95137.8852950566,95795.5165975983,47054980873.26,4746.68687151339,4.78025877185597,0.0171688046811269
2024-12-25,98675.9108627628,99478.7490158499,97593.470165093,99299.1927492124,33700394629.11,1885.27885075691,1.91057658781476,0.0359215573301661
2024-12-24,94684.3475533376,99404.0613248691,93448.0139404195,98676.0973968281,47114953674.13,5956.04738444959,6.29042448763184,-0.00629469879139322
2024-12-23,95099.3919548289,96416.2139282978,92403.1313832204,94686.2394384325,65239002918.62,4013.0825450774,4.21988244360549,-0.0412740600592851
2024-12-22,97218.3182689266,97360.2647012436,94202.1862477336,95104.9343710597,43147981313.7,3158.07845351001,3.24843970739557,0.00441217158268969
2024-12-21,97756.1922018157,99507.0985909185,96426.5207387424,97224.7263442974,51765334293.97,3080.57785217609,3.15128666817986,0.022044211037576
2024-12-20,97484.6973095173,98098.9113051982,92175.1804504625,97755.9301603751,105634083408.08,5923.7308547357,6.07657511201747,0.00544879825373457
2024-12-19,100070.687428943,102748.150846626,95587.6815019394,97490.949982775,97221662391.74,7160.4693446866,7.15541136836001,-0.00271431062142646
2024-12-18,106147.295259683,106470.606364896,100041.542702905,100041.542702905,93865656139.45,6429.06366199099,6.05673808858028,0.0258259737450164
2024-12-17,106030.690582452,108268.447080436,105291.737867581,106140.59823843,68589364867.85,2976.709212855,2.80740340037702,0.0591790869472266
2024-12-16,104293.576460697,107780.579552206,103322.982818852,106029.720586096,91020417816.32,4457.596733354,4.27408560011733,-0.00104517599862142
2024-12-15,101373.53296068,105047.541884203,101227.027792995,104298.695797922,51145914137.43,3820.51409120801,3.76874908038362,-0.016460580105683
2024-12-14,101451.43995018,102618.884575431,100634.057548161,101372.966078653,40422968793.07,1984.82702727,1.95643061177318,-0.0284524087023499
2024-12-13,100046.650538121,101888.808408951,99233.2780486758,101459.254401268,56894751583.19,2655.5303602752,2.65429211871851,0.000850834523392408
2024-12-12,101167.807004337,102524.910275346,99339.9499287061,100042.997915012,72073983532.97,3184.9603466399,3.14819549909129,-0.0140572106915222
2024-12-11,96656.0616181213,101913.362465715,95747.2288650111,101173.032645111,85391409935.84,6166.13360070391,6.37945877110708,0.0112321727798808
2024-12-10,97441.2344664559,98270.1527701471,94321.25879199,96675.4335399369,104823780633.61,3948.89397815711,4.05259026097059,-0.0454729235109372
2024-12-09,101237.061521334,101272.504213427,94355.9110419722,97432.7212603679,110676473908.41,6916.59317145481,6.83207618585141,0.00780277946994801
2024-12-08,99921.9167967171,101399.988708925,98771.5141679393,101236.013140353,44125751925.28,2628.4745409857,2.63052854193451,0.0382924531579558
2024-12-07,99916.7144638641,100563.379751039,99030.8864921902,99923.3366192646,44177510896.8,1532.4932588488,1.53377066797272,-0.0130512964537495
2024-12-06,97074.2248322286,102039.881795891,96514.8760817966,99920.7147303285,94534772657.92,5525.0057140944,5.69152699765891,-2.62393493191126e-05
2024-12-05,98741.5393815507,103900.472147234,91998.781701436,96593.5722722098,149218945579.65,11901.690445798,12.0533774542528,-0.0338648194379889
2024-12-04,95988.5287123714,99207.3250728128,94660.5232511768,98768.5275553455,77199817111.98,4546.80182163601,4.73681791212828,0.022266807616818
2024-12-03,95854.5974342939,96297.2000609749,93629.5598937809,96002.162144032,67067810961.23,2667.640167194,2.78300701124179,-0.0284082934483951
2024-12-02,97276.0101170567,98152.5982470177,94482.8633434321,95865.3016323752,72680784305.11,3669.7349035856,3.77249734972645,-0.00142661535389976
2024-12-01,96461.3368002386,97888.1272696056,95770.1844650506,97279.7929223558,36590695296.24,2117.942804555,2.19563907655669,0.0146471913451709
2024-11-30,97468.8124452958,97499.3424017154,96144.2198283204,96449.0558127732,31634227866.46,1355.122573395,1.39031402907013,-0.00857633963114779
2024-11-29,95653.9525935763,98693.1681672557,95407.8863720956,97461.5237129843,54968682476.36,3285.2817951601,3.43454891939377,0.0104427216246723
2024-11-28,95954.9448816703,96650.2037683052,94677.3542961871,95652.4651587091,52260008260.61,1972.84947211811,2.05601647163779,-0.018736203279003
2024-11-27,91978.1385818315,97361.1819357048,91778.6612119403,95962.5284193169,71133452438.22,5582.52072376449,6.06939954410777,0.00323631805053637
2024-11-26,93087.2799915931,94991.7499693653,90770.8150406524,91985.3168304103,91656519855.42,4220.9349287129,4.53438421349738,-0.0423288216620037
2024-11-25,98033.4427003163,98935.0318069042,92642.9148612771,93102.2952135852,80909462490,6292.1169456271,6.41833722484052,0.0120698725440764
2024-11-24,97778.0973586439,98647.1775807062,95788.0769955707,98013.8209078789,51712020622.89,2859.1005851355,2.92407058673733,0.0514096612127766
2024-11-23,99006.7422747472,99014.6778634921,97232.893115107,97777.279763055,44414644676.69,1781.78474838511,1.79966001046736,-0.00241626160838671
2024-11-22,98496.4294867186,99655.5010786335,97222.6670416634,98997.662080436,78473580550.87,2432.8340369701,2.46997180471212,0.0124039977159409
2024-11-21,94334.6432809324,99014.214912061,94132.6009666759,98504.7275898154,106024505581.86,4881.61394538509,5.17478391352734,-0.00499169164464242
2024-11-20,92341.8941573535,94902.0235761485,91619.4963973839,94339.4950270085,71730956426.31,3282.52717876459,3.55475400274014,-0.0432046177124779
2024-11-19,90536.8115264555,94002.8701076919,90426.9853808707,92343.7920549007,74521048294.81,3575.8847268212,3.94964729432326,-0.0213814426922614
2024-11-18,89843.7154789328,92596.7889194348,89393.5905739655,90542.6439962666,75535775084.26,3203.1983454693,3.56530039791198,-0.0196975383546327
2024-11-17,90558.4631117088,91433.04050285,88741.6658321694,89845.8512088281,46350159305.48,2691.3746706806,2.97197476436922,-0.00772550657652715
2024-11-16,91064.3662256104,91763.9478843873,90094.2253690597,90558.4752358199,44333192813.6,1669.72251532759,1.83356298905204,0.00790033972676518
2024-11-15,87284.1830981024,91868.744436111,87124.9008601843,91066.0069552759,78243109518.27,4743.8435759267,5.43494068174402,0.00558881748088425
2024-11-14,90574.8820553752,91765.221369439,86682.8158227338,87250.4312745932,87616705247.88,5082.40554670519,5.6112748163425,-0.0428020906881184
2024-11-13,87929.9667732448,93434.3553403447,86256.9319678433,90584.1666733787,123559027868.7,7177.42337250141,8.16265902955548,0.0374969329514041
2024-11-12,88705.5644865659,89956.882361506,85155.1115052484,87955.8098216397,133673285374.5,4801.7708562576,5.41315630428665,-0.0294449097616489
2024-11-11,80471.4131920498,89604.4978355824,80283.2476219227,88701.488084206,117966845037.02,9321.2502136597,11.5833062250491,0.00844213853704012
2024-11-10,76775.5438015685,81474.4238878783,76565.429933246,80474.185602194,82570594494.54,4908.9939546323,6.39395530342308,-0.0973402085244839
2024-11-09,76556.1911313233,76932.7639895921,75773.788516772,76778.8677516165,29009480361.15,1158.97547282011,1.51388862963678,-0.0470070144417623
2024-11-08,75902.832566501,77252.7476648638,75648.741198608,76545.4766431325,55176858002.62,1604.0064662558,2.1132366369206,-0.00304441267523181
2024-11-07,75637.0849735144,76943.1180221876,74480.4193106694,75904.8584618969,63467654989.4,2462.6987115182,3.2559408025581,-0.00840433642228255
2024-11-06,69358.5019894605,76460.1533724237,69322.0318962876,75639.0779464884,118592653963,7138.12147613609,10.2916315540102,-0.00350764001795056
2024-11-05,67811.1743325914,70522.7868214104,67458.8696770123,69359.5661661779,46046889204.13,3063.91714439809,4.51830715889182,-0.0866689760508503
2024-11-04,68742.1346678016,69433.1764178494,66803.649995796,67811.5091418451,41184819348.33,2629.5264220534,3.8252033265488,-0.0225721457449684
2024-11-03,69296.3820562098,69361.6580037475,67482.5254366951,68741.1154919735,34868307655.18,1879.13256705241,2.71173257721904,0.0136155670933427
2024-11-02,69486.0239046236,69867.3518537627,69033.7222580968,69289.276665623,18184612091.32,833.629595665901,1.19970829934109,0.00794265736471189
2024-11-01,70216.8969678825,71559.0165698806,68779.7003414485,69482.4698507967,49989795365.09,2779.3162284321,3.95818720058702,0.00278433203925665
2024-10-31,72335.0440826332,72662.3097987825,69590.5028708254,70215.1856325839,40627912076.23,3071.80692795711,4.24663725157612,0.0104901187983639
2024-10-30,72715.366485431,72905.2985200754,71411.7350339885,72339.5421808449,40646637831.37,1493.5634860869,2.05398605312145,0.0298062905996002
2024-10-29,69910.0453659464,73577.2096582116,69729.9178301829,72720.4935748749,58541874401.85,3847.29182802871,5.50320316327924,0.0052523393893118
2024-10-28,67922.6742726804,70212.2690406726,67535.1310128429,69907.7546738921,38799856657.22,2677.1380278297,3.94144968009083,-0.0394466545523642
2024-10-27,67023.4794186223,68221.3147408775,66847.223099558,67929.298795622,16721307878.1,1374.09164131949,2.05016458894509,-0.0287091419322998
2024-10-26,66628.7370038706,67317.9181596119,66360.5955044004,67014.6977283094,19588098156.32,957.322655211508,1.43680144373125,-0.0135554762824572
2024-10-25,68165.2973724389,68722.1594927425,65521.7934506881,66642.4107304263,41469984305.66,3200.3660420544,4.69500781984177,-0.00557079178149422
2024-10-24,66653.7041571813,68798.9619867211,66454.0995567515,68161.053337619,31414428647.2,2344.86242996959,3.51797767223858,0.0225321636678046
2024-10-23,67362.3744214737,67402.744623551,65188.0352924195,66432.1982471759,32263980353.23,2214.7093311315,3.28775425473348,-0.0256914839876607
2024-10-22,67360.7027255461,67801.5769977652,66581.3679788567,67361.4026645272,31808472565.82,1220.2090189085,1.81145529891532,0.0138903408107858
2024-10-21,69002.0001468977,69462.7367822244,66829.8534677336,67367.8525561409,37498611780.2,2632.8833144908,3.81566231252091,9.5745970066119e-05
2024-10-20,68364.1784603044,69359.0070607416,68105.7205055133,69001.7066212849,18975847518.28,1253.2865552283,1.83325037096149,0.0239632988413643
2024-10-19,68418.9766619904,68668.0058104846,68024.6382348537,68362.7331098485,14443497907.64,643.367575630895,0.940334987483542,-0.00930339935793256
2024-10-18,67419.1087252549,68969.7469240407,67177.818198958,68418.7890489052,36857165014.36,1791.92872508269,2.65789441445321,0.000819642029277645
2024-10-17,67617.0795713375,67912.2076398065,66647.391211274,67399.8334924398,32790898510.76,1264.81642853249,1.87055761140657,-0.0150049331279121
2024-10-16,67042.4618218177,68375.2929488011,66758.7255092654,67612.7207776042,38195189533.82,1616.56743953571,2.41125906717468,0.00315359505267665
2024-10-15,66050.3687270292,67881.6795865567,64809.1969471504,67041.1071653338,48863870878.62,3072.4826394063,4.6517267028503,-0.0084901714958221
2024-10-14,62848.3994880925,66482.4943857198,62442.1539998429,66046.1280687548,43706958055.79,4040.34038587689,6.42870847752041,-0.0149525629983582
2024-10-13,63192.9435754787,63272.6529630129,62035.6366902561,62851.3749169602,18177529689.88,1237.0162727568,1.95752279094151,-0.0495805970733105
2024-10-12,62444.6174061501,63448.7832440021,62443.2713529987,63193.0230702875,16744110885.86,1005.5118910034,1.61024589911951,0.00542108963960253
2024-10-11,60275.4608346571,63400.8698799473,60046.125828387,62445.0886070974,30327141594.18,3354.7440515603,5.56568793519932,-0.0119063123251326
2024-10-10,60581.9296868773,61236.7231707069,58895.2078078197,60274.4980637861,30452813570.16,2341.5153628872,3.86503925343665,-0.0353784916798752
2024-10-09,62131.7261033116,62508.8357368894,60314.6143862386,60582.1009695389,27670982363.46,2194.2213506508,3.53156348336804,0.00509038931149419
2024-10-08,62221.6451487376,63174.3062001171,61843.5636611283,62131.9678544148,28134475156.91,1330.7425389888,2.13871320150364,0.0252611508419509
2024-10-07,62819.1093330048,64443.7064117964,62152.5517077403,62236.6593684009,34253562610.48,2291.1547040561,3.64722570629052,0.00168356829293614
2024-10-06,62084.9865006411,62959.5685406335,61833.1500428486,62818.9544761374,14776233666.91,1126.4184977849,1.81431705356539,0.00931264576043134
2024-10-05,62067.6104970553,62371.0236788776,61689.5811648998,62089.9484591443,13305410748.72,681.442513977803,1.09790357405516,-0.0116727355259094
2024-10-04,60754.6251257523,62465.9907584451,60459.9398173621,62067.4774474519,29585472513.07,2006.050941083,3.30189008150539,-0.000361976124644059
2024-10-03,60632.4862350431,61469.0371479302,59878.8034256844,60759.4013268768,36106447278.67,1590.2337222458,2.62274206616108,-0.0213003145533506
2024-10-02,60836.3246300866,62357.6867279553,59996.9473420048,60632.7862737945,40762722397.63,2360.7393859505,3.88047667294975,-0.00208605020635666
2024-10-01,63335.603583719,64110.9819990323,60189.278696888,60837.009700736,50220923499.58,3921.7033021443,6.19194115196276,0.00336254157220317
2024-09-30,65634.6601298628,65635.052877058,62873.615868433,63329.4981294766,37112957474.81,2761.437008625,4.20728469251048,0.0401529098432611
2024-09-29,65888.8952714385,66069.3458132303,65450.0143671644,65635.3081461486,14788214574.54,619.331446065909,0.939963317816283,0.0357625592808777
2024-09-28,65792.1819476094,66255.5318744588,65458.034501538,65887.6487821282,15243637983.9,797.4973729208,1.21214610811335,0.00383721521321512
2024-09-27,65180.6651400747,66480.6947101072,64852.9910891431,65790.6616497344,32058813449.4,1627.7036209641,2.49721848874376,-0.00147309225967795
2024-09-26,63138.5484837603,65790.7954495908,62669.2684494504,65181.0206972443,36873129847.33,3121.52700014041,4.9439321541313,-0.00930957508674801
2024-09-25,64302.5912192468,64804.5031378147,62945.3765459511,63143.1459738721,25078377699.65,1859.12659186361,2.89121566738222,-0.0317640256973277
2024-09-24,63326.8412511456,64695.2154668874,62737.4179011372,64301.9672659429,29938335243.03,1957.7975657502,3.09157622118848,0.0181859186325379
2024-09-23,63643.1020803622,64733.5576683482,62628.0786641199,63329.802386615,31400285425.2,2105.4790042283,3.30825955273159,-0.0152341957434068
2024-09-22,63396.8035525073,63993.4231033969,62440.726268076,63648.7098902519,20183348802.13,1552.69683532089,2.44917211643786,0.0050230258402344
2024-09-21,63184.3412676027,63543.3601232398,62783.1053795212,63394.838742556,14408616220.03,760.2547437186,1.20323283976123,-0.00399660570487015
2024-09-20,62941.4275952191,64119.530359621,62364.6065332085,63192.975082876,35177164222.14,1754.9238264125,2.78818560916436,-0.00318930906044912
2024-09-19,61651.1553381713,63872.4407220416,61609.8670214546,62940.456765714,42710252572.5,2262.573700587,3.66996155737268,-0.00400399245187444
2024-09-18,60309.0018795135,61664.0673338615,59218.2524421004,61649.6787266514,40990702890.6,2445.8148917611,4.05547234332845,-0.0207211304206947
2024-09-17,58192.5093438557,61316.0913839546,57628.0717661941,60308.5375947655,38075570117.66,3688.0196177605,6.33761915295357,-0.0219943393198658
2024-09-16,59185.22685956,59205.5103578251,57501.3391727673,58192.5068714421,32032822113.39,1704.1711850578,2.87938608244522,-0.0357170804950755
